   0.00000000000000000000000000000000000         2.40299409052780652030461501780977273E-0018
   1.88495559215387594307758602996770164         2.99349068194223267717752796853847943E-0018
   3.76991118430775188615517205993540328         4.68347915776543799211621126403670900E-0018
   5.65486677646162782923275808990310473         2.44295306594278781269644917834715622E-0018
   7.53982236861550377231034411987080656         2.58605879178614509277558608095356954E-0018
   9.42477796076937971538793014983850839         1.03240433533000622070105989798816054E-0017
   11.3097335529232556584655161798062095         2.58720597684377513624462857647310709E-0018
   13.1946891450771316015431022097739121         2.44067095100602769979007217450511990E-0018
   15.0796447372310075446206882397416131         4.67555734428680850585424716874977838E-0018
   16.9646003293848834876982742697093157         2.99626819527818548069743036128884759E-0018
